
     Type      |         XYZ         |       Normal        |     RGB       | Diameter | Height | Brightness | FOV 
------------------------------------------------------------------------------------------------------------------
##### AMBIENT  |                     |                     | (255,255,255) |          |        |   0.800    |    
-<[0] CAMERA   | (  0.0,  0.0,-20.0) | ( 0.00, 0.00, 1.00) |               |          |        |            | 100
((*)) LIGHT    | ( 50.0, 50.0,-30.0) |                     | (255,255,255) |          |        |            |    
 [X]  PLANE    | (  0.0,-50.0,  0.0) | ( 0.00, 1.00, 0.00) | ( 50,250,200) |          |        |            |    
  o   SPHERE   | (  0.0, 10.0, 40.0) |                     | (255,255,255) |   30.0   |        |            |    
  o   SPHERE   | (  0.0,-20.0, 40.0) |                     | (255,  0,  0) |   20.0   |        |            |    
  o   SPHERE   | (-30.0, 10.0, 40.0) |                     | (  0,  0,255) |   10.0   |        |            |    
 o=o  CYLINDER | (  0.0,  5.0, 30.0) | ( 1.00, 1.00, 0.00) | (255,  0,  0) |   10.0   |  40.0  |            |    

====== Loading =======
[#                   ][##                  ][###                 ][####                ]BT: X: 25.606810, Y: 35.936521, Z: 26.714107
angle BT: 0.785398
angle is: 0.785398
rx: 
1.000000 0.000000 0.000000 0.000000
0.000000 0.707107 -0.707107 0.000000
0.000000 0.707107 0.707107 0.000000
0 0 0 1
ry: 
0.707107 0.000000 0.707107 0.000000
0.000000 1.000000 0.000000 0.000000
-0.707107 0.000000 0.707107 0.000000
0 0 0 1
rz: 
0.707107 -0.707107 0.000000 0.000000
0.707107 0.707107 0.000000 0.000000
0.000000 0.000000 1.000000 0.000000
0 0 0 1
r_y * r_x: 
0.500000 -0.146447 0.853553 0.000000
0.500000 0.853553 -0.146447 0.000000
-0.707107 0.500000 0.500000 0.000000
0 0 0 1
t: 
1.000000 0.000000 0.000000 -0.000000
0.000000 1.000000 0.000000 -5.000000
0.000000 0.000000 1.000000 -30.000000
0 0 0 1
tr_mat (t * r): 
0.500000 -0.146447 0.853553 0.000000
0.500000 0.853553 -0.146447 -5.000000
-0.707107 0.500000 0.500000 -30.000000
0 0 0 1
The top of the cylinder transformed:
x_t: 34.874369, y_t: 33.158640, z_t: -18.357864
angle is: -0.785398
rx: 
1.000000 0.000000 0.000000 0.000000
0.000000 0.707107 0.707107 0.000000
0.000000 -0.707107 0.707107 0.000000
0 0 0 1
ry: 
0.707107 0.000000 -0.707107 0.000000
0.000000 1.000000 0.000000 0.000000
0.707107 0.000000 0.707107 0.000000
0 0 0 1
rz: 
0.707107 0.707107 0.000000 0.000000
-0.707107 0.707107 0.000000 0.000000
0.000000 0.000000 1.000000 0.000000
0 0 0 1
r_y * r_x: 
0.500000 0.853553 0.146447 0.000000
-0.500000 0.146447 0.853553 0.000000
0.707107 -0.500000 0.500000 0.000000
0 0 0 1
t: 
1.000000 0.000000 0.000000 -0.000000
0.000000 1.000000 0.000000 -5.000000
0.000000 0.000000 1.000000 -30.000000
0 0 0 1
tr_mat (t * r): 
0.500000 0.853553 0.146447 0.000000
-0.500000 0.146447 0.853553 -5.000000
0.707107 -0.500000 0.500000 -30.000000
0 0 0 1
The top of the cylinder transformed:
x_t: 46.945436, y_t: 11.338835, z_t: -11.642136
